[ 9 36 13 14 34 50 21 40 32 18 12 19 30 41 38 32 16  4 28 31 28 22 27  0
  7 44 14  0 42 26 26 32 13  3 11 41 51 45 45  5  5 30 44 16  0 22 34 51
 28  7 28 47  3  9  1 28 32 15  4  2  2  2 43 26 49 23 25 33 42 50 40 29
  3 44  6 15 25 19  2 30 31 16 45 23 27  2 17  5 19 30 15 49 13  2 47 35
 34 26 13  6  1 49 34 46 10 31 12 24 21 13 48 46 23 38  1 48 11 29 11 21
 43 46 21 35 22 51  4 38 47 14 40  0  8 23 45  0 19 14 49 47 29  0 41  5
 11 49 48 22  8  6 23 51 37 36  0 35 40 38  0  1 15 36 23 16  4  0 38 20
 31 14  3 18 31  8 37  1 12 14 28 13 31 18 25 25 20  2 25 48  3 34  4 50
 10 18  5 15 10  8  7  1  4 27  9 35 17 37 28  2 23 28  4 32 25 11 34 44
 25 13 16 35  8 25 21 29 50  2  7  1 13  6 48  7 40 43  7  7 15  5 19 27
 47 28  6  9 25 21 31 35 38 15 24 13  9 20 33 37 29  6 28 23 40  6  4 51
 31 16 51  3 41 21 27  5 23  0 10  4 34 46 30  5 38 33 33 33 13  6  5 15
 33 44 27 43 17 30  1 42 24 20 33  4 14 39 39 12 20 35 48 19  3 47 36 19
 10 27 31  1  3  2 42 35 42  5 15 16 34 42 34 14 20  5 45 25  8 50 29 35
 43 16 26  2 33 10 18  2  6 31 46  9 28 25  1 11  3 20 21 24 38 34  3 23
 32 10 23 24  4  0 11  8 50 12 21  6 15 22  9  2  4 37  3 39 11  2 30  3
 16 29 22  5  1 39 24 33 13  8 45 28 42 26 15 22 11  6  2 37 32  0 43  1
  0 27 31 16 32  4  7 34 24 16 17 23 39 14 16 19 24 17 16 31 17 12 46 49
 36  8 17  8 34 23 26  8  4 39  3 23  5 44 38 20  7 22 41 23  3 36 38  0
 41 15 40 11 17 25 10 31  1  1 31  7 15 35 17 30  1  3 40  6 18 19 20 15
 40  0 31 36 28 15  5  5  4 21  9 37 20 27]
